2 0.320800 0.291022 0.028800 0.055728
2 0.330400 0.286378 0.046400 0.089783
3 0.320800 0.291022 0.028800 0.055728
3 0.330400 0.286378 0.046400 0.089783
4 0.365600 0.185759 0.041600 0.080495
5 0.973600 0.537152 0.025600 0.049536
6 0.168400 0.421827 0.026400 0.051084
6 0.344400 0.294892 0.036000 0.069659
6 0.191600 0.458978 0.044000 0.085139
6 0.330400 0.286378 0.046400 0.089783
8 0.093600 0.547988 0.048000 0.092879
9 0.533600 0.320433 0.027200 0.052632
9 0.531200 0.356037 0.020800 0.040248
10 0.362800 0.229876 0.053600 0.103715
10 0.360800 0.131579 0.032000 0.061920
11 0.371200 0.165635 0.024000 0.046440
11 0.381600 0.184211 0.030400 0.058824
11 0.357600 0.216718 0.041600 0.080495
12 0.320800 0.291022 0.028800 0.055728
12 0.330400 0.286378 0.046400 0.089783
12 0.370400 0.453560 0.137600 0.266254




