0 0.462329 0.346398 0.044031 0.095339
0 0.219667 0.388771 0.024462 0.052966
5 0.465753 0.105932 0.058708 0.127119
5 0.505382 0.134534 0.063601 0.137712
9 0.809687 0.768008 0.034247 0.074153
9 0.293053 0.837924 0.030333 0.065678
9 0.383562 0.938559 0.043053 0.093220
9 0.831213 0.437500 0.045988 0.099576
9 0.534247 0.764831 0.045010 0.097458
9 0.431996 0.918432 0.065558 0.141949
9 0.797945 0.685381 0.036204 0.078390
9 0.755382 0.741525 0.035225 0.076271
9 0.928571 0.665254 0.068493 0.148305
9 0.903620 0.530720 0.071429 0.154661
9 0.610568 0.692797 0.080235 0.173729
9 0.757828 0.615466 0.055773 0.120763
9 0.572407 0.703390 0.072407 0.156780
9 0.933464 0.500000 0.058708 0.127119
9 0.665362 0.625000 0.066536 0.144068
9 0.743640 0.758475 0.119374 0.258475
9 0.833659 0.595339 0.078278 0.169492
9 0.863014 0.830508 0.136986 0.296610
9 0.910959 0.841102 0.127202 0.275424
9 0.851761 0.653602 0.089041 0.192797
9 0.581703 0.729873 0.118395 0.256356
9 0.799902 0.632415 0.089041 0.192797
9 0.635519 0.583686 0.132094 0.286017
9 0.944227 0.614407 0.095890 0.207627
9 0.531800 0.818856 0.163405 0.353814
9 0.185421 0.810381 0.032290 0.069915
9 0.809687 0.691737 0.108611 0.235169
11 0.466732 0.220339 0.060665 0.131356
